%YAML:1.0
---
_100-200-test2: !!opencv-object-detector-hog
   winSize: [ 64, 128 ]
   blockSize: [ 16, 16 ]
   blockStride: [ 8, 8 ]
   cellSize: [ 8, 8 ]
   nbins: 9
   derivAperture: 1
   winSigma: 4.
   histogramNormType: 0
   L2HysThreshold: 2.0000000000000001e-01
   gammaCorrection: 1
   nlevels: 64
   signedGradient: 0
   SVMDetector: [ 1.94509630e-03, 3.73152457e-03, 1.23166973e-02,
       2.14465186e-02, 2.25650184e-02, 1.28267119e-02, 1.16948253e-02,
       8.92309658e-03, 6.45282725e-03, 5.22872526e-03, 7.87693914e-03,
       8.72578938e-03, 6.01751450e-03, 1.32959033e-03, 1.12242601e-03,
       7.20859680e-04, -7.06050731e-03, 4.02413658e-04, -6.92195958e-03,
       4.72092489e-03, 1.58838369e-02, 2.43760813e-02, 1.77949469e-03,
       7.59822363e-03, 1.73440296e-03, -2.80700345e-03, -1.13748293e-02,
       -1.04314508e-02, -4.60036192e-03, 1.00752227e-02, 4.74421773e-03,
       -2.29363646e-02, 4.55559278e-03, -6.17661746e-03, -2.60450039e-03,
       -6.04190864e-03, -2.11417023e-03, 5.65697951e-03, 8.26621894e-03,
       3.12752812e-03, 1.46164801e-02, 5.98850707e-03, -6.27398910e-03,
       -6.49695052e-03, -6.45615952e-03, 1.03803016e-02, 9.72951669e-03,
       1.61047541e-02, 1.07608633e-02, 1.79474503e-02, 9.91577189e-03,
       1.62897108e-03, -6.05591619e-03, 2.05239019e-04, -1.49753271e-02,
       -3.04087205e-03, 5.70557360e-03, 2.81638280e-03, 4.41681035e-03,
       4.98352107e-03, -7.75310770e-03, -2.61563994e-03, -1.26535976e-02,
       1.67859357e-03, 1.46676898e-02, 2.01677158e-02, 1.93764251e-02,
       1.81870647e-02, 5.23428340e-03, 1.40611334e-02, 8.01145192e-03,
       -4.60790237e-03, -8.22100136e-03, 8.92031565e-03, 1.52280135e-02,
       9.38454550e-03, 5.90828666e-03, 7.94955902e-03, 6.61133183e-03,
       -2.48630211e-04, -8.47545639e-03, -2.57406048e-02, 3.89809138e-03,
       2.10164767e-02, 1.68833807e-02, 3.25778918e-03, 7.67271616e-04,
       -1.09892441e-02, 1.24934025e-03, -1.75076295e-02, -1.59041174e-02,
       2.87936185e-03, 1.21302828e-02, 1.04775196e-02, 4.37481469e-03,
       4.25028207e-04, 1.19580235e-02, 7.85634574e-03, -1.36126569e-02,
       -1.18473303e-02, 5.95075265e-03, 2.25061383e-02, 1.73221063e-02,
       1.47049334e-02, 2.02501658e-02, 9.65236500e-03, 9.72537696e-03,
       -3.39166890e-03, -1.59967914e-02, 5.97468764e-03, 2.07303669e-02,
       1.03377262e-02, -8.92348960e-03, 1.64679612e-03, -5.01373829e-03,
       -7.27077480e-03, -1.90121531e-02, -6.51175110e-03, 9.91907530e-03,
       9.63452365e-03, -2.99219566e-04, -1.01404367e-02, 1.51323632e-03,
       4.09813737e-03, -1.03661949e-02, -1.13176815e-02, -9.85879451e-04,
       2.10088305e-02, 3.02718300e-02, 1.60635170e-02, -2.51320959e-03,
       7.64853274e-03, -2.82337540e-03, -2.34073261e-03, -1.00981840e-03,
       1.13669811e-02, 3.45349908e-02, 3.67476232e-02, 1.10921646e-02,
       -1.86245535e-02, 1.06703432e-03, -1.38993673e-02, -4.14315471e-03,
       -1.95928570e-03, -8.91697127e-03, 7.63735874e-03, 9.96562466e-03,
       3.25897802e-03, -5.25254197e-03, 9.90629487e-05, 3.48301325e-03,
       8.88912752e-03, 5.17580751e-03, -5.82029577e-03, 3.25961178e-03,
       1.23194633e-02, -5.62056387e-03, -1.03822304e-02, -2.00330671e-02,
       -6.74173702e-03, 1.68245146e-03, 7.13010086e-03, 1.64541248e-02,
       3.50682437e-02, 2.53196880e-02, 1.07463785e-02, -1.42625142e-02,
       3.09129083e-03, -5.67341864e-04, 7.58494437e-03, 7.22713722e-03,
       9.19231214e-03, 3.09908837e-02, 2.03481764e-02, -1.96897797e-03,
       -8.69653281e-03, -1.79475043e-02, -6.17167680e-03, 1.04174260e-02,
       1.23299509e-02, -1.65906886e-03, 9.55335889e-03, 9.64868069e-03,
       -3.52629926e-03, -1.47916917e-02, -1.48555143e-02,
       -7.77247502e-03, 3.48777068e-03, 8.61188862e-03, 1.31717753e-02,
       9.37741343e-03, 8.23157188e-03, -2.57948996e-03, -2.12828498e-02,
       -6.76374417e-03, -6.60538301e-03, 4.84543089e-05, 2.45893584e-03,
       1.82754807e-02, 3.06220856e-02, 2.40176525e-02, -2.84378254e-03,
       -1.03693791e-02, -5.75987855e-03, -8.49322230e-03, 9.10401251e-03,
       6.09285804e-03, 2.81731542e-02, 3.84141766e-02, 2.66198721e-02,
       7.13052868e-04, -9.69745312e-03, -9.01274476e-03, -1.94851891e-03,
       8.68917443e-03, 1.72703173e-02, 7.07010087e-03, 1.01004979e-02,
       5.27878199e-03, 4.49328078e-03, -8.89394246e-03, -3.39345774e-03,
       -1.01101156e-02, 2.43012654e-03, 2.43026530e-03, -3.24581913e-03,
       -6.13953406e-03, 8.28522071e-03, 2.45618075e-02, 1.12664595e-03,
       -2.88383890e-04, -3.29684489e-03, -4.49933781e-04,
       -6.53377362e-03, 1.66791193e-02, 2.04269812e-02, 2.17315517e-02,
       2.55419686e-03, -2.15004086e-02, -1.08565176e-02, -8.39053374e-03,
       6.71610143e-03, 2.08640955e-02, 3.78987775e-03, -2.74646492e-03,
       2.09670630e-03, 6.65453449e-03, -1.50722067e-03, -1.95260451e-03,
       -6.25056494e-03, 2.09081802e-03, 1.45066930e-02, -4.25979262e-03,
       4.39114682e-03, 1.44001562e-02, 3.26194204e-02, 1.93871614e-02,
       1.96362869e-03, 3.64209380e-04, 1.06629236e-02, 3.08823423e-03,
       -1.37458909e-02, 1.45139592e-03, 1.11875841e-02, 6.73563546e-03,
       2.29775091e-04, -1.72697213e-02, -6.31506322e-03, 4.80002584e-03,
       -4.65662079e-03, -6.17208425e-03, -1.22755887e-02,
       -4.67806152e-04, 1.46256601e-02, 1.38190072e-02, 7.96847139e-03,
       9.56288818e-03, 1.81186236e-02, 1.42716654e-02, -1.40253520e-02,
       -1.69758592e-02, -5.50789933e-04, 1.13373781e-02, 1.28504690e-02,
       8.71389452e-03, 3.16021685e-03, 1.36401914e-02, 3.75136943e-03,
       -1.68193914e-02, -4.17102035e-03, 1.27503322e-02, 1.10784331e-02,
       4.85861179e-04, -9.43015702e-03, -3.32364533e-03, 2.03942088e-03,
       -4.88339132e-03, -2.59092227e-02, -1.05799548e-02, 5.85267274e-03,
       1.90163963e-02, 1.56287625e-02, 1.17881652e-02, 5.80008654e-03,
       1.30819688e-02, -3.29832576e-04, -1.95545405e-02, -1.87396556e-02,
       4.63799341e-03, 1.67340618e-02, 1.43603031e-02, 9.33897961e-03,
       5.89261181e-04, 4.64669708e-03, 3.39580397e-03, -1.75847728e-02,
       -1.84642915e-02, 8.59267078e-03, 1.53938364e-02, 2.12152842e-02,
       8.89375992e-03, -1.38746400e-03, 4.21908498e-03, 5.21209370e-03,
       -2.32549347e-02, -1.67928450e-02, -1.36453775e-03, 1.35155935e-02,
       1.79387000e-03, 9.61158145e-03, 4.04514140e-03, 4.85798391e-03,
       8.26725853e-04, 1.15655479e-03, -1.14050880e-02, -2.80553196e-03,
       7.66237080e-03, 2.74535688e-03, -1.28362095e-03, 9.68130713e-04,
       4.05832008e-03, -5.59777347e-03, -7.67653482e-03, -1.09060425e-02,
       3.32754920e-03, 1.90597381e-02, 1.98104326e-02, 1.11497724e-02,
       1.22140790e-03, 1.26532828e-02, 6.98605692e-03, 8.08608159e-03,
       1.26521394e-03, 3.58693826e-04, 9.48101655e-03, 3.34132067e-03,
       6.58063334e-04, 4.66111436e-04, 9.03696008e-03, 1.80388696e-03,
       -9.32369381e-03, -9.79158282e-03, 5.31281577e-04, 1.06977616e-02,
       -7.81640783e-03, -1.74781040e-03, 6.64295303e-03, 1.34785858e-03,
       -1.21423705e-02, -1.21377790e-02, -2.05307477e-03, 5.94428461e-03,
       1.24271065e-02, -8.87811743e-03, -6.80670841e-03, -5.11884503e-03,
       1.19180093e-03, -1.25021106e-02, 1.03180762e-02, 7.57695828e-03,
       7.91216269e-03, 9.59825143e-03, -3.89870512e-03, -4.35106456e-03,
       3.33157368e-03, 1.74412690e-02, 1.18165147e-02, 1.41801476e-03,
       1.04716476e-02, -9.16471647e-04, 1.14827743e-02, -4.09980491e-03,
       -1.05820165e-03, 1.63916382e-03, 3.52018839e-03, 1.96071598e-03,
       -1.77822858e-02, -5.45454537e-03, 2.60685477e-03, -1.10738107e-03,
       -5.13616810e-03, -1.35738053e-03, -8.45496822e-03,
       -2.80676107e-03, -1.65858958e-02, -1.83809400e-02, 1.23219229e-02,
       4.94648889e-03, 6.76825689e-03, -1.16726467e-02, -9.54190269e-03,
       -7.70066213e-03, -2.26928014e-03, -2.44672894e-02,
       -4.16043773e-03, 6.45835279e-03, -4.77225892e-03, 3.47934756e-03,
