%YAML:1.0
---
_1000-2000-testG: !!opencv-object-detector-hog
   winSize: [ 64, 128 ]
   blockSize: [ 16, 16 ]
   blockStride: [ 8, 8 ]
   cellSize: [ 8, 8 ]
   nbins: 9
   derivAperture: 1
   winSigma: 4.
   histogramNormType: 0
   L2HysThreshold: 2.0000000000000001e-01
   gammaCorrection: 1
   nlevels: 64
   signedGradient: 0
   SVMDetector: [ 5.78233115e-02, -1.52251218e-03, 8.84754118e-03,
       3.44990268e-02, 2.71139182e-02, -2.91177314e-02, -2.76294760e-02,
       -4.54322690e-05, 2.99905408e-02, 4.20837253e-02, 3.71162477e-03,
       1.57148540e-02, 1.30040674e-02, -2.21023220e-03, 6.97508501e-03,
       1.21340575e-02, 1.93959847e-02, 2.47865245e-02, 2.26230603e-02,
       -3.26136622e-04, 9.39481799e-03, 3.14635187e-02, -1.42194703e-02,
       -1.11003313e-02, -6.66703135e-02, -6.07487038e-02, 1.06136752e-02,
       2.09147278e-02, 1.57386381e-02, 2.80897133e-02, 3.85304876e-02,
       -3.01039498e-02, 8.90493859e-03, -3.91971469e-02, 3.36972740e-03,
       2.00802721e-02, 1.71448812e-02, 6.71679270e-04, -2.94024823e-03,
       -9.55225714e-03, 1.32106449e-02, -5.79021126e-03, -5.14168339e-03,
       4.22509201e-03, 1.15302000e-02, 4.17921953e-02, 1.00906286e-02,
       -3.04756965e-03, -5.88896591e-03, -2.45972537e-02, 4.59706830e-03,
       -2.94671040e-02, -1.69151966e-02, 1.13941599e-02, -1.93303134e-02,
       7.95076974e-03, 1.50854280e-02, 1.89336133e-03, 6.13163039e-03,
       8.76037031e-03, -1.61343962e-02, 7.98484311e-03, -1.46102700e-02,
       1.56618003e-02, 3.80770974e-02, 3.33476067e-02, 1.80015340e-02,
       -4.52214964e-02, 2.37565842e-02, -9.70846508e-03, 2.80899578e-03,
       1.34696942e-02, 3.02582532e-02, 2.17688885e-02, -8.48899712e-04,
       -3.46854904e-05, 3.43079977e-02, 3.95917967e-02, 1.24462359e-02,
       2.23698579e-02, 2.21287762e-03, 2.52358452e-03, -2.46261759e-03,
       -3.25045548e-02, -1.15543632e-02, 3.44427787e-02, 2.95030773e-02,
       1.72772519e-02, 4.89084981e-02, 3.25076431e-02, -9.62278340e-03,
       3.21453102e-02, 2.82516889e-03, 1.76140554e-02, -4.76507805e-02,
       5.06434664e-02, 1.95620246e-02, 1.12541253e-02, -2.19701571e-04,
       7.90138263e-04, 5.25910454e-03, -2.50474513e-02, -1.03446180e-02,
       -4.74804780e-03, 1.88186392e-02, 1.89591460e-02, 6.94655329e-02,
       1.44325867e-02, -3.04682110e-03, -4.00074665e-03, -1.90844107e-02,
       4.28632237e-02, 3.41830440e-02, 1.07311150e-02, -2.63264701e-02,
       -2.45375489e-03, -2.51334440e-02, -1.53879235e-02,
       -9.29889083e-03, -2.97190025e-02, 2.41372418e-02, 1.24203544e-02,
       -1.07440203e-02, -1.02458000e-02, -1.50151690e-03,
       -1.48952827e-02, -1.14242667e-02, 1.84075087e-02, 7.73912761e-03,
       5.30991033e-02, 4.02189931e-03, 2.32046116e-02, -2.31691869e-03,
       5.71577176e-02, -1.37914559e-02, -3.72188762e-02, -1.55035174e-02,
       -3.47232670e-02, 4.82620997e-03, -2.46221647e-02, -7.05080619e-03,
       -4.27974435e-03, 1.44111887e-02, -1.02686062e-02, -1.92523468e-02,
       -2.16351287e-03, -2.83631235e-02, -1.05454233e-02, 1.44329183e-02,
       -9.75602027e-03, 3.52053493e-02, 4.13185619e-02, -1.20440153e-02,
       -7.61110801e-03, -2.23851874e-02, -3.15705575e-02, 2.35717525e-04,
       1.51560381e-02, -1.44325430e-02, 2.17832550e-02, 3.78536656e-02,
       -1.65798306e-03, -6.99148513e-03, 1.91251580e-02, -2.06521749e-02,
       8.26382730e-03, 1.03017292e-03, 1.42999003e-02, 4.25151736e-02,
       4.80945595e-02, 6.17194595e-03, 9.90636833e-03, -2.30473094e-03,
       -3.81388143e-02, 1.91547740e-02, -5.13790408e-03, -9.03674751e-04,
       4.70449822e-03, 1.28466710e-02, 2.50837076e-02, -2.96181925e-02,
       -4.72981557e-02, -4.02416214e-02, 1.45906415e-02, 3.57651748e-02,
       -1.24102430e-02, -7.85059668e-03, 3.36847194e-02, -1.51020233e-02,
       -1.86691806e-02, -2.94061694e-02, -2.61115767e-02,
       -8.73203855e-03, -3.28387693e-03, -2.36202683e-02,
       -1.92276128e-02, 4.72576618e-02, 3.66902016e-02, 1.34395785e-03,
       -4.39547859e-02, -4.87998948e-02, 1.68722924e-02, 2.35636160e-02,
       1.51625890e-02, -1.33337583e-02, 1.50017859e-02, -1.31683657e-02,
       -2.18081679e-02, 2.35090405e-02, -6.08315342e-04, -1.69882120e-03,
       1.01233395e-02, -3.82991042e-03, 6.54321816e-03, 4.73969430e-02,
       1.00994688e-02, 5.93718048e-03, -5.40968729e-03, -2.43633185e-02,
       4.25045798e-03, 3.15807797e-02, -1.08537003e-02, -1.95442103e-02,
       3.08909249e-02, 4.10253219e-02, 6.63707126e-03, -1.91199686e-02,
       -5.48729673e-02, 8.45929701e-03, -2.51318198e-02, -3.69560122e-02,
       -5.73332831e-02, 2.84830830e-03, 1.75122898e-02, -7.02213123e-03,
       2.03868374e-02, 3.29832062e-02, 2.37013362e-02, 3.07665616e-02,
       2.46891426e-03, 7.95279397e-04, 2.00709626e-02, 1.35378689e-02,
       -2.01580506e-02, -5.59510663e-03, -1.97503231e-02,
       -3.20557831e-03, -1.48624144e-02, -2.57929098e-02,
       -5.47651984e-02, -3.06729674e-02, -2.34107599e-02, 2.07615849e-02,
       -1.07699810e-02, -2.03791149e-02, 5.07815108e-02, 1.54493516e-02,
       6.92738965e-03, -4.23474200e-02, 5.64008951e-03, 1.41579919e-02,
       -1.68158431e-02, -7.17250258e-02, -4.51020375e-02,
       -9.76063311e-03, 1.13171600e-02, -1.16094970e-03, -2.49356497e-02,
       1.80155840e-02, 8.94502737e-03, 1.56028820e-02, 1.36885205e-02,
       -1.14282342e-02, 6.03204332e-02, -6.24153577e-03, 3.43957618e-02,
       3.62712191e-03, 1.06430706e-02, -4.95474145e-04, -9.18279495e-03,
       -1.71041097e-02, -2.12570354e-02, 1.59893278e-02, -1.24520184e-02,
       1.33363772e-02, 2.00430360e-02, 2.22062524e-02, 4.33193753e-03,
       -2.05940995e-02, -6.50127530e-02, -3.80984470e-02, 1.74234807e-02,
       1.57394633e-02, 2.36528814e-02, 9.75183584e-03, 2.85701770e-02,
       3.43596116e-02, -3.33206281e-02, -4.61754575e-02, -1.39575517e-02,
       4.81174923e-02, 6.72077388e-03, -1.42136756e-02, -2.31170747e-02,
       -5.01441723e-03, -8.35356768e-03, -3.40241008e-03,
       -3.56607251e-02, -1.41107664e-02, 3.89857367e-02, -2.83403229e-02,
       1.00232912e-02, 1.81546900e-02, 3.37961018e-02, 2.20801979e-02,
       -5.75659703e-03, 4.29710979e-03, 1.76646002e-02, 5.57268970e-03,
       -3.22950967e-02, -1.84746068e-02, -9.96361021e-03,
       -2.12658360e-03, 3.53678539e-02, -2.12608241e-02, -3.63512114e-02,
       -3.94156575e-02, 2.13420577e-02, -4.21973392e-02, -3.03717796e-03,
       -2.36400981e-02, -6.76318165e-03, 1.85126215e-02, -1.15001237e-03,
       -2.43472625e-02, -7.35244080e-02, -2.06040312e-02,
       -3.11384685e-02, -1.80353373e-02, -6.02977164e-03, 4.27985471e-03,
       -7.32298649e-04, -4.25088778e-03, 1.58384014e-02, 2.11619362e-02,
       3.19821425e-02, -2.72397678e-02, 2.70636566e-02, -3.95383174e-03,
       1.77684706e-02, 4.69928887e-03, -9.39989090e-03, 1.57076924e-03,
       -2.24145371e-02, 4.32293788e-02, -6.55753631e-03, 3.07040662e-02,
       -7.96404202e-03, 2.51657758e-02, -1.00438623e-02, -2.33461671e-02,
       -4.44117971e-02, -5.03775813e-02, -5.92475478e-03,
       -2.60605328e-02, -3.13390158e-02, -3.33303772e-02, 6.41739042e-03,
       -4.03532805e-03, -9.81744379e-04, -5.83283566e-02,
       -2.29131151e-02, 2.03117654e-02, -2.64028106e-02, 1.76761113e-02,
       -5.45302853e-02, -2.92939227e-03, 6.13192376e-03, -7.51630031e-03,
       2.53698020e-03, -2.32253084e-03, 2.52191573e-02, -1.28525011e-02,
       2.74681076e-02, -2.12583598e-03, 3.29828821e-02, -7.38188764e-03,
       1.11519052e-02, 2.36160476e-02, 1.27638308e-02, 6.67833984e-02,
       3.70514207e-02, 4.35410999e-02, -2.75441009e-04, 1.42904073e-02,
       -2.43914383e-03, -2.03832462e-02, -3.24880593e-02,
       -1.03207733e-02, 2.78754085e-02, -6.64245849e-03, 5.08921333e-02,
       -1.16187707e-02, 2.30020378e-02, 4.18361509e-03, -4.71020453e-02,
       -4.64551561e-02, -2.73835771e-02, -1.40036503e-02,
       -1.64355375e-02, -5.72182937e-03, -2.81368755e-02,
       -1.55163612e-02, -2.63175759e-02, 2.18348075e-02, 1.35117183e-02,
