%YAML:1.0
---
_2000-4000-testG: !!opencv-object-detector-hog
   winSize: [ 64, 128 ]
   blockSize: [ 16, 16 ]
   blockStride: [ 8, 8 ]
   cellSize: [ 8, 8 ]
   nbins: 9
   derivAperture: 1
   winSigma: 4.
   histogramNormType: 0
   L2HysThreshold: 2.0000000000000001e-01
   gammaCorrection: 1
   nlevels: 64
   signedGradient: 0
   SVMDetector: [ -5.15396893e-03, -1.73940342e-02, 1.81701742e-02,
       1.86874345e-02, -4.10816446e-03, -2.79720873e-02, -3.02820709e-02,
       -9.53490660e-03, 3.53497230e-02, 3.07281129e-02, -5.91422245e-03,
       2.21688747e-02, 3.50634791e-02, 3.13221104e-02, 3.88070904e-02,
       1.26344413e-02, 1.42941130e-02, 3.37384157e-02, -1.65528280e-03,
       5.50113199e-03, 3.26257497e-02, 3.22021507e-02, -2.10389551e-02,
       -1.30269649e-02, -4.04507555e-02, -5.21512665e-02,
       -4.11088066e-03, -3.79715883e-03, -3.05310339e-02, 2.05477048e-02,
       3.56963910e-02, -1.76398549e-02, 3.75709049e-02, -1.81659982e-02,
       -2.75059207e-03, 4.54599876e-03, 2.12950842e-03, -6.98270462e-03,
       -5.69555396e-03, 8.05947185e-03, 2.87025161e-02, 2.88292137e-03,
       6.70508109e-03, 3.81767587e-03, 9.45211202e-03, 1.66132208e-02,
       3.99416592e-03, 1.11161801e-03, 1.16567612e-02, 5.98524790e-03,
       -1.75414123e-02, 2.44610710e-03, 2.46290560e-03, 7.50507228e-03,
       -1.37309656e-02, -2.35792771e-02, 8.73276731e-04, 1.67085230e-03,
       2.63339113e-02, 1.72716770e-02, -6.73120003e-03, 1.34323277e-02,
       2.79081259e-02, 1.20256897e-02, 1.80452969e-02, 2.21950989e-02,
       2.79502086e-02, -1.42242322e-02, 1.53975198e-02, -9.65642743e-03,
       2.11824197e-03, 3.02239582e-02, 1.22797797e-02, 8.56447220e-03,
       -4.97528212e-03, -2.60554883e-03, 1.35682961e-02, 3.68660092e-02,
       2.14077532e-02, 2.22508721e-02, -4.13894095e-03, 3.03995516e-02,
       8.74208403e-04, 4.79188561e-03, -5.45896823e-03, 3.42828408e-02,
       4.15650979e-02, 3.74885276e-02, 2.65788548e-02, 4.99919057e-02,
       -8.87276325e-03, 1.56764835e-02, -3.76191107e-03, 3.21905278e-02,
       -1.65567324e-02, 2.01353673e-02, -6.26233965e-03, 6.04539737e-03,
       7.96358474e-03, -6.84653502e-03, -1.48046361e-02, -6.19171420e-03,
       -7.56826112e-03, 1.77840777e-02, -7.02506723e-03, 1.50445867e-02,
       4.08670083e-02, 3.50623927e-03, 4.16072533e-02, 1.79604180e-02,
       -3.68132372e-04, -3.20487982e-03, 8.63565970e-03, 2.84761712e-02,
       5.99927036e-04, -1.22429868e-02, 1.41174495e-02, -2.03023143e-02,
       -2.08057109e-02, -1.90157257e-02, -3.15114670e-02,
       -8.61457922e-03, -1.26138306e-03, -2.49074511e-02,
       -1.06404815e-02, -6.20828895e-03, -6.56703999e-03, 1.05119608e-02,
       2.49345768e-02, 2.56123412e-02, 3.33599397e-03, 3.70846167e-02,
       2.65697073e-02, 5.43319806e-02, -6.59927865e-03, -7.51174241e-02,
       -4.30944599e-02, -2.75680944e-02, -1.42907258e-02,
       -5.54247238e-02, 2.80643310e-02, -2.84792553e-03, 6.03884505e-03,
       -3.48086841e-02, -4.75153774e-02, -6.23360369e-03,
       -1.22433598e-03, -6.21983595e-03, 1.01393592e-02, -1.73915946e-03,
       1.52685065e-02, 1.80364680e-02, -6.65752031e-03, -2.23845840e-02,
       -2.66153961e-02, -2.89689563e-02, -1.97842177e-02, 2.90198158e-02,
       -6.61264174e-03, -1.12608746e-02, 1.90841984e-02, 1.16265401e-04,
       1.52896915e-03, -4.22668597e-03, -1.98951084e-02, -4.25950345e-03,
       -1.68850664e-02, 1.42156277e-02, 2.74181794e-02, 1.61792040e-02,
       2.00183466e-02, -2.94541195e-02, -4.32082377e-02, -4.80858982e-02,
       -2.46344302e-02, 2.24317331e-03, -1.44933686e-02, -1.17935822e-03,
       -3.65719665e-03, 7.84899201e-03, -1.65425967e-02, -2.63226628e-02,
       -3.02371141e-02, -8.36223736e-03, 2.87775770e-02, 1.15545094e-02,
       -1.51777202e-02, 1.17856320e-02, 1.31127425e-02, -2.06840113e-02,
       -2.92978212e-02, -1.98103525e-02, -2.08990416e-03, 3.47022992e-03,
       -1.49857905e-02, -3.27103510e-02, 2.33091693e-02, 1.86056066e-02,
       -1.19557157e-02, -4.30240482e-02, -3.21945846e-02, 6.41337596e-03,
       9.34119243e-03, 1.55585343e-02, -1.25456769e-02, 2.82625314e-02,
       -8.80493317e-04, -5.42677082e-02, 6.88475603e-03, 3.58015648e-03,
       7.41938083e-03, 6.42701564e-03, -9.95414797e-03, -9.85516980e-03,
       4.05963846e-02, -5.18013025e-03, -4.90120205e-04, -1.12311793e-02,
       -5.26831020e-03, 4.04789448e-02, 3.36163193e-02, -4.30024005e-02,
       -1.70989074e-02, 3.16731073e-02, 1.64074693e-02, 7.73585122e-03,
       -1.39887957e-02, -4.40048240e-02, 1.83089487e-02, 1.74086075e-02,
       -4.47387174e-02, -2.84211431e-02, 2.46278588e-02, 1.69765931e-02,
       -2.47796122e-02, -1.51948212e-02, 6.02902984e-03, 4.49809097e-02,
       1.43891731e-02, -5.09969518e-02, 2.07174849e-03, 2.26309821e-02,
       -2.02859174e-02, -2.31500138e-02, -3.44925076e-02,
       -4.28409837e-02, -2.65541356e-02, -2.43580937e-02,
       -2.32020058e-02, -1.39677059e-02, 1.91169919e-03, -2.51400005e-02,
       1.39260979e-03, 9.18615796e-03, -9.77029465e-03, 1.00498591e-02,
       2.38151923e-02, 9.20555647e-03, -1.73702203e-02, 2.14454439e-02,
       3.72020714e-03, -3.30754071e-02, -5.40036410e-02, -3.45450975e-02,
       -3.52198333e-02, -1.89136658e-02, 4.98904940e-03, -1.26254279e-02,
       3.68140563e-02, -2.19780579e-02, 4.28669853e-03, 7.26906001e-04,
       2.74372799e-03, 1.81236230e-02, -8.05639289e-03, 4.84048501e-02,
       3.62315699e-02, 2.55143326e-02, 8.34085792e-03, -1.79205071e-02,
       -5.33449138e-03, -9.89977829e-03, -4.11533704e-03,
       -1.59781463e-02, 9.41145420e-03, 4.11082879e-02, 2.77028605e-02,
       -9.42950789e-03, -3.72912884e-02, -5.16105853e-02,
       -4.04053368e-02, -3.06286849e-03, -5.98071469e-03, 2.40999628e-02,
       5.78992011e-04, 3.77037413e-02, 4.37162770e-03, -2.70530879e-02,
       -2.53907163e-02, -1.45064425e-02, 1.63377374e-02, -2.79939966e-03,
       -1.55403810e-02, -1.95317026e-02, -1.44994892e-02, 1.00870477e-02,
       1.72370356e-02, -1.57528762e-02, 1.55304680e-02, 2.13145167e-02,
       -2.48671137e-02, 2.82195695e-02, 2.17126068e-02, 2.63815504e-02,
       1.57610476e-02, -6.05089078e-03, -8.10531899e-03, 3.21770422e-02,
       1.07335504e-02, 1.22579932e-02, 8.24477151e-03, -9.16699588e-04,
       -1.48766218e-02, 2.09626928e-02, -3.17301787e-02, -2.26766784e-02,
       -2.63739489e-02, 9.69346240e-03, -3.18646282e-02, 2.46507325e-03,
       -3.42159942e-02, -1.35474429e-02, 4.04621959e-02, 1.81205161e-02,
       -3.56502682e-02, -6.34869635e-02, -3.00969537e-02,
       -3.82367447e-02, -1.77562702e-02, -1.61289908e-02,
       -3.43077304e-03, 2.89517995e-02, -3.11960885e-03, 1.36141730e-02,
       3.15923654e-02, 3.32301818e-02, 1.49930638e-04, 4.20966037e-02,
       -1.19075496e-02, 8.54883250e-03, 1.18028428e-02, -2.59367451e-02,
       -5.67640597e-03, -1.36116089e-03, 1.79692507e-02, -1.09525006e-02,
       2.12756135e-02, -3.52376401e-02, 3.99350049e-03, -1.20317275e-02,
       4.41543106e-03, -2.66580395e-02, -3.04897912e-02, -2.15359451e-03,
       -3.29048809e-04, -1.65557619e-02, -1.00957323e-02, 1.35991108e-02,
       1.88665204e-02, 1.58244441e-03, -5.00120930e-02, -9.84659698e-03,
       2.27712058e-02, -2.41445526e-02, 6.62727887e-03, -2.58444324e-02,
       -3.73632438e-03, 1.75655056e-02, 2.60274415e-03, 1.67569723e-02,
       7.96982367e-03, 5.51315665e-04, 3.12776044e-02, 1.80995986e-02,
       -3.03330924e-02, 3.12816203e-02, 6.43705390e-03, 8.01098067e-03,
       3.11496761e-02, -8.12781230e-03, 4.18982320e-02, 6.94483565e-03,
       7.07793934e-03, -2.01466251e-02, 1.22301653e-02, -1.19395740e-02,
       -2.16720235e-02, -2.62338109e-02, -3.78195848e-03, 4.83881049e-02,
       1.82686672e-02, 2.65814755e-02, -1.86214838e-02, 2.81825010e-02,
       1.61776412e-02, -3.48536968e-02, -2.41743736e-02, -2.51256339e-02,
       -2.31756940e-02, -3.25692887e-03, -2.08521690e-02,
       -6.35278374e-02, -5.38735138e-03, -1.69164687e-02, 2.18473189e-03,
