%YAML:1.0
---
_2416-4146-testG: !!opencv-object-detector-hog
   winSize: [ 64, 128 ]
   blockSize: [ 16, 16 ]
   blockStride: [ 8, 8 ]
   cellSize: [ 8, 8 ]
   nbins: 9
   derivAperture: 1
   winSigma: 4.
   histogramNormType: 0
   L2HysThreshold: 2.0000000000000001e-01
   gammaCorrection: 1
   nlevels: 64
   signedGradient: 0
   SVMDetector: [ 1.20771369e-02, -4.90603484e-02, -7.42759462e-03,
       2.76020002e-02, -1.31406663e-02, -2.37193201e-02, -4.14837524e-02,
       -1.31563097e-02, 4.94282506e-02, 3.57594416e-02, -8.73939320e-03,
       4.38560061e-02, 4.53037582e-02, 2.95930859e-02, 3.35511267e-02,
       -1.07190467e-03, 2.38030148e-03, 3.68342623e-02, -1.35060251e-02,
       -2.33300570e-02, 2.98450310e-02, 3.16171385e-02, -2.48803627e-02,
       -1.39842648e-02, -4.70269434e-02, -4.87527363e-02, 1.59223520e-04,
       1.44744487e-02, -8.52560345e-03, 2.77069993e-02, 3.94869670e-02,
       -1.84732508e-02, 3.37859951e-02, -9.99227073e-03, 1.68700400e-03,
       1.87981818e-02, 3.44077870e-03, -1.93074942e-02, 1.07472725e-02,
       1.45764509e-02, 3.48003320e-02, 8.83079879e-03, 4.13001422e-03,
       -3.05162999e-03, -1.29495561e-03, 1.95028372e-02, 6.30961033e-03,
       2.62088589e-02, 1.95447896e-02, 1.57738384e-02, -1.78242959e-02,
       6.36418932e-04, 8.87112506e-03, 6.52542384e-03, 5.61155146e-03,
       -1.26283681e-02, -3.83948791e-03, 2.28837430e-02, 2.71027647e-02,
       2.52673887e-02, 4.22248943e-03, 7.78450584e-03, 2.50197668e-02,
       2.53539886e-02, 1.13357147e-02, 1.54955396e-02, 2.22044643e-02,
       -2.14494299e-02, 1.34194624e-02, 1.04542756e-02, 1.40207000e-02,
       4.29906882e-02, 2.42343880e-02, 1.41815376e-02, 1.85983460e-02,
       1.54787432e-02, 1.87125206e-02, 4.05389182e-02, 1.27533954e-02,
       2.48713549e-02, 6.11766567e-03, 4.55880016e-02, 3.41465184e-03,
       9.97923221e-03, -8.24884139e-03, -9.05734836e-04, 3.03952917e-02,
       2.69591808e-02, 2.30746921e-02, 6.45065904e-02, 8.00685585e-03,
       8.79130699e-03, 4.50183358e-03, 2.97156759e-02, -1.97724998e-02,
       2.29981951e-02, 2.38488883e-05, 5.93413552e-03, 2.20461208e-02,
       -7.28560146e-03, -4.83823568e-03, -7.20945466e-03,
       -1.03074787e-02, -1.29959164e-02, -1.06264716e-02, 8.54187179e-03,
       2.68081762e-02, -9.46639688e-04, 2.73669455e-02, 5.12744067e-03,
       -3.25352931e-03, -8.93681217e-03, 1.44378720e-02, 1.97113026e-02,
       1.05185146e-02, -8.44330993e-03, 1.21635627e-02, -3.17640528e-02,
       -5.58253704e-03, -2.54596956e-02, -4.21172827e-02,
       -1.07423551e-02, -1.04938261e-02, -3.64826294e-03, 8.25562347e-06,
       -1.42930085e-02, -9.29930899e-03, -5.06912265e-03, 2.13545635e-02,
       2.27195080e-02, 6.55601907e-04, 3.52356955e-02, 2.00579651e-02,
       3.89093719e-02, -1.83695126e-02, -5.58607094e-02, -1.87880285e-02,
       -2.49420051e-02, -1.17503339e-02, -3.06272637e-02, 2.96125114e-02,
       8.50017369e-03, 2.60111853e-03, -4.05714139e-02, -3.07880808e-02,
       3.36359371e-03, -1.12003544e-02, -7.56254885e-03, 1.95758659e-02,
       -1.33586931e-03, 2.90526059e-02, 2.37628166e-02, -6.51470292e-03,
       -2.99637150e-02, -3.44753638e-02, -3.83429527e-02,
       -6.71200687e-04, 4.28729281e-02, 6.02575159e-03, -2.63787787e-02,
       5.66474162e-03, -1.15532717e-02, 2.52100080e-03, 1.00478986e-02,
       -1.89656634e-02, 1.10130701e-02, 4.67197970e-03, 1.30799869e-02,
       2.27917340e-02, 5.50565636e-03, 3.85095924e-03, -5.38796857e-02,
       -4.83502336e-02, -4.36649211e-02, -6.19883044e-03, 1.00719910e-02,
       -4.61812271e-03, 4.86048451e-03, 2.89084041e-03, -1.13087557e-02,
       -2.03008857e-02, -3.07452399e-02, -2.87851170e-02, 5.71369193e-03,
       3.77685837e-02, 1.95682272e-02, -6.86699059e-03, 7.78560899e-03,
       1.39569687e-02, -1.04638310e-02, -3.17137167e-02, -1.23811942e-02,
       5.35906712e-03, -4.96617472e-03, -1.36950649e-02, -2.11255699e-02,
       1.80545729e-03, 1.25491172e-02, -1.89713482e-02, -3.36324833e-02,
       -4.16276976e-02, 1.81237347e-02, 2.16373838e-02, 1.42979575e-02,
       -3.33601423e-03, 3.80107909e-02, -3.31253023e-03, -4.53773960e-02,
       1.57202333e-02, -1.22460295e-02, 1.17875617e-02, 1.52846926e-03,
       -1.21940924e-02, -5.83901023e-03, 2.92208754e-02, -2.20896211e-02,
       3.79309291e-03, 1.32296165e-03, 4.87246783e-03, 3.58903743e-02,
       1.69061832e-02, -3.44317555e-02, -7.59415794e-03, 2.07014531e-02,
       1.92603096e-02, 1.45432800e-02, 5.49755245e-03, -4.39099148e-02,
       -3.69448448e-03, -1.30270552e-02, -3.83754745e-02,
       -4.52092364e-02, 1.90644264e-02, 8.99203680e-03, -1.56914294e-02,
       -1.52122490e-02, -8.00844934e-03, 4.78075668e-02, 2.20831241e-02,
       -1.82448607e-02, 1.23092057e-02, 2.79265195e-02, -2.80493610e-02,
       -1.92243755e-02, -1.74365994e-02, -3.54443602e-02,
       -1.42081017e-02, -1.35429259e-02, -8.77616089e-03,
       -2.91185565e-02, -1.14080645e-02, -2.30237339e-02, 7.03784404e-03,
       -1.28936898e-02, -2.81660333e-02, 5.56614902e-03, 3.21687162e-02,
       9.39718541e-03, -3.59238796e-02, 1.43611506e-02, -1.21394871e-02,
       -3.44652757e-02, -6.82515725e-02, -4.74701151e-02,
       -1.50218038e-02, 7.93687720e-03, -1.03356701e-03, -1.31079294e-02,
       3.20800208e-02, -2.93293409e-02, 1.18620992e-02, 1.72865845e-03,
       1.23757380e-03, 3.01065259e-02, -4.84484946e-03, 5.02131321e-02,
       2.28356905e-02, 7.49597279e-03, -1.31630513e-03, -1.53121771e-02,
       -1.03545301e-02, -1.60062388e-02, 1.91969816e-02, -1.05681177e-02,
       1.12381727e-02, 3.37112658e-02, 1.55845378e-02, -1.21393129e-02,
       -3.58342528e-02, -6.13548979e-02, -5.40522113e-02, 2.39633882e-04,
       -1.01963188e-02, 7.30765983e-04, -7.31793838e-03, 1.95859205e-02,
       -7.87016749e-03, -2.52432898e-02, -5.29580489e-02,
       -1.48133924e-02, 2.46127918e-02, 1.55744911e-03, -1.92644857e-02,
       -2.33322270e-02, -1.81139689e-02, -2.96823471e-03,
       -1.53526999e-02, -1.98485609e-02, -4.47685318e-03, 4.15140996e-03,
       -3.46222222e-02, 1.71310492e-02, 1.87642835e-02, 8.17548763e-03,
       -5.55151002e-03, -2.86133075e-03, -1.03590535e-02, 1.93642341e-02,
       9.46333865e-04, 1.57606527e-02, 1.86865143e-02, 1.26137435e-02,
       -2.10542399e-02, 1.51141593e-02, -2.57836357e-02, -4.26008999e-02,
       -2.54273154e-02, 1.62083749e-02, -3.50109152e-02, -1.28976116e-02,
       -4.98508513e-02, -1.68542862e-02, 2.78372634e-02, 1.77520737e-02,
       -4.35391292e-02, -6.25492334e-02, -3.24951597e-02,
       -5.29236868e-02, -1.93516929e-02, -3.40271778e-02,
       -2.08930355e-02, 2.51739305e-02, 1.82228221e-03, 5.37814852e-03,
       2.72488017e-02, 3.32630314e-02, -5.76969795e-03, 3.41688953e-02,
       -1.33213894e-02, -3.11735226e-03, 9.69973486e-03, -5.79605717e-03,
       -1.25159640e-02, -1.41888307e-02, 1.00179557e-02, -1.29559301e-02,
       2.47569717e-02, -2.34472994e-02, -1.19779017e-02, 5.32028545e-03,
       2.45031063e-03, -2.34751478e-02, -3.11946999e-02, -6.43019797e-03,
       -2.34478340e-02, -2.48653293e-02, -3.30809988e-02,
       -1.08804926e-02, 9.69414227e-03, -1.01318220e-02, -4.21096683e-02,
       -1.67153822e-03, 1.18527487e-02, -2.58925743e-02, 2.94755632e-03,
       -4.50205728e-02, -1.84782054e-02, -4.58582770e-03,
       -5.41428057e-03, 1.37741975e-02, 1.33705176e-02, 1.90245616e-03,
       8.72317050e-03, 1.78478155e-02, -2.26466432e-02, 1.22197233e-02,
       -1.65900716e-03, -8.85656662e-03, 3.64639200e-02, 6.42038789e-03,
       3.67997475e-02, 1.17050507e-03, -3.15450132e-03, -3.36169899e-02,
       2.26457380e-02, 6.77429279e-03, -2.05508359e-02, -2.83654258e-02,
       -8.49059317e-03, 2.64265221e-02, 7.09502352e-03, 2.04590503e-02,
       -2.14924980e-02, 3.16942930e-02, 1.73777137e-02, -4.00430560e-02,
       -4.62816134e-02, -3.47803384e-02, -5.30020855e-02,
       -3.73745970e-02, -1.63529981e-02, -5.22464924e-02, 7.98783917e-03,
       -6.77259825e-03, 5.48631838e-03, 2.94296443e-02, -1.42908087e-02,
