%YAML:1.0
---
best-model-2: !!opencv-object-detector-hog
   winSize: [ 64, 128 ]
   blockSize: [ 16, 16 ]
   blockStride: [ 8, 8 ]
   cellSize: [ 8, 8 ]
   nbins: 9
   derivAperture: 1
   winSigma: 4.
   histogramNormType: 0
   L2HysThreshold: 2.0000000000000001e-01
   gammaCorrection: 1
   nlevels: 64
   signedGradient: 0
   SVMDetector: [ 1.94509851e-03, 3.73152667e-03, 1.23166982e-02,
       2.14465186e-02, 2.25650202e-02, 1.28267109e-02, 1.16948225e-02,
       8.92309658e-03, 6.45282818e-03, 5.22872573e-03, 7.87693914e-03,
       8.72578938e-03, 6.01751637e-03, 1.32959080e-03, 1.12242054e-03,
       7.20854092e-04, -7.06051057e-03, 4.02412843e-04, -6.92196051e-03,
       4.72092768e-03, 1.58838388e-02, 2.43760813e-02, 1.77949877e-03,
       7.59822410e-03, 1.73440424e-03, -2.80700182e-03, -1.13748312e-02,
       -1.04314508e-02, -4.60035959e-03, 1.00752236e-02, 4.74421727e-03,
       -2.29363609e-02, 4.55559278e-03, -6.17661560e-03, -2.60449667e-03,
       -6.04190910e-03, -2.11416930e-03, 5.65697951e-03, 8.26621987e-03,
       3.12753045e-03, 1.46164810e-02, 5.98850241e-03, -6.27399515e-03,
       -6.49695378e-03, -6.45615906e-03, 1.03803026e-02, 9.72951949e-03,
       1.61047559e-02, 1.07608661e-02, 1.79474503e-02, 9.91577003e-03,
       1.62896747e-03, -6.05592132e-03, 2.05238364e-04, -1.49753243e-02,
       -3.04086902e-03, 5.70557406e-03, 2.81638303e-03, 4.41681128e-03,
       4.98351874e-03, -7.75310816e-03, -2.61563854e-03, -1.26535967e-02,
       1.67859497e-03, 1.46676945e-02, 2.01677177e-02, 1.93764269e-02,
       1.81870628e-02, 5.23428340e-03, 1.40611297e-02, 8.01144913e-03,
       -4.60790377e-03, -8.22099950e-03, 8.92031845e-03, 1.52280154e-02,
       9.38454829e-03, 5.90828899e-03, 7.94955622e-03, 6.61132997e-03,
       -2.48632976e-04, -8.47545639e-03, -2.57406030e-02, 3.89809418e-03,
       2.10164785e-02, 1.68833826e-02, 3.25778592e-03, 7.67268881e-04,
       -1.09892460e-02, 1.24934048e-03, -1.75076295e-02, -1.59041155e-02,
       2.87936535e-03, 1.21302847e-02, 1.04775215e-02, 4.37481562e-03,
       4.25025966e-04, 1.19580198e-02, 7.85634201e-03, -1.36126578e-02,
       -1.18473275e-02, 5.95075544e-03, 2.25061402e-02, 1.73221100e-02,
       1.47049297e-02, 2.02501640e-02, 9.65236221e-03, 9.72537603e-03,
       -3.39166820e-03, -1.59967914e-02, 5.97468577e-03, 2.07303669e-02,
       1.03377262e-02, -8.92349239e-03, 1.64679519e-03, -5.01373829e-03,
       -7.27077620e-03, -1.90121550e-02, -6.51175110e-03, 9.91907716e-03,
       9.63452458e-03, -2.99219362e-04, -1.01404423e-02, 1.51323981e-03,
       4.09813831e-03, -1.03661940e-02, -1.13176825e-02, -9.85880382e-04,
       2.10088305e-02, 3.02718300e-02, 1.60635188e-02, -2.51321122e-03,
       7.64853274e-03, -2.82337563e-03, -2.34073331e-03, -1.00982003e-03,
       1.13669792e-02, 3.45349945e-02, 3.67476270e-02, 1.10921655e-02,
       -1.86245553e-02, 1.06703886e-03, -1.38993654e-02, -4.14315239e-03,
       -1.95928826e-03, -8.91696941e-03, 7.63736106e-03, 9.96562559e-03,
       3.25897685e-03, -5.25254104e-03, 9.90639310e-05, 3.48301302e-03,
       8.88912659e-03, 5.17580612e-03, -5.82029857e-03, 3.25961201e-03,
       1.23194633e-02, -5.62056527e-03, -1.03822304e-02, -2.00330690e-02,
       -6.74173655e-03, 1.68245041e-03, 7.13009620e-03, 1.64541248e-02,
       3.50682475e-02, 2.53196917e-02, 1.07463785e-02, -1.42625133e-02,
       3.09129129e-03, -5.67341340e-04, 7.58494623e-03, 7.22713489e-03,
       9.19231120e-03, 3.09908856e-02, 2.03481764e-02, -1.96897727e-03,
       -8.69653467e-03, -1.79475043e-02, -6.17167493e-03, 1.04174269e-02,
       1.23299481e-02, -1.65907084e-03, 9.55335889e-03, 9.64868069e-03,
       -3.52629926e-03, -1.47916926e-02, -1.48555152e-02,
       -7.77247315e-03, 3.48777068e-03, 8.61188583e-03, 1.31717743e-02,
       9.37741250e-03, 8.23157094e-03, -2.57949159e-03, -2.12828498e-02,
       -6.76374370e-03, -6.60538161e-03, 4.84552293e-05, 2.45893351e-03,
       1.82754807e-02, 3.06220874e-02, 2.40176525e-02, -2.84378207e-03,
       -1.03693791e-02, -5.75987622e-03, -8.49321857e-03, 9.10401437e-03,
       6.09285757e-03, 2.81731505e-02, 3.84141766e-02, 2.66198721e-02,
       7.13052345e-04, -9.69745312e-03, -9.01274569e-03, -1.94851682e-03,
       8.68917350e-03, 1.72703154e-02, 7.07009854e-03, 1.01004969e-02,
       5.27878152e-03, 4.49328078e-03, -8.89394619e-03, -3.39345634e-03,
       -1.01101138e-02, 2.43012700e-03, 2.43026298e-03, -3.24582146e-03,
       -6.13953220e-03, 8.28522164e-03, 2.45618075e-02, 1.12664595e-03,
       -2.88382464e-04, -3.29684187e-03, -4.49931278e-04,
       -6.53377501e-03, 1.66791156e-02, 2.04269812e-02, 2.17315517e-02,
       2.55419896e-03, -2.15004105e-02, -1.08565185e-02, -8.39053281e-03,
       6.71610143e-03, 2.08640937e-02, 3.78987473e-03, -2.74646515e-03,
       2.09670817e-03, 6.65453961e-03, -1.50721951e-03, -1.95260113e-03,
       -6.25055935e-03, 2.09082151e-03, 1.45066911e-02, -4.25979309e-03,
       4.39114915e-03, 1.44001562e-02, 3.26194204e-02, 1.93871614e-02,
       1.96362939e-03, 3.64210719e-04, 1.06629245e-02, 3.08823539e-03,
       -1.37458900e-02, 1.45139790e-03, 1.11875841e-02, 6.73563685e-03,
       2.29773577e-04, -1.72697175e-02, -6.31506043e-03, 4.80002910e-03,
       -4.65661893e-03, -6.17208797e-03, -1.22755896e-02,
       -4.67805250e-04, 1.46256639e-02, 1.38190081e-02, 7.96847418e-03,
       9.56289098e-03, 1.81186255e-02, 1.42716626e-02, -1.40253548e-02,
       -1.69758573e-02, -5.50787954e-04, 1.13373790e-02, 1.28504671e-02,
       8.71389546e-03, 3.16021731e-03, 1.36401933e-02, 3.75136593e-03,
       -1.68193895e-02, -4.17101942e-03, 1.27503332e-02, 1.10784341e-02,
       4.85861907e-04, -9.43015330e-03, -3.32364300e-03, 2.03942251e-03,
       -4.88338899e-03, -2.59092189e-02, -1.05799520e-02, 5.85267507e-03,
       1.90163963e-02, 1.56287663e-02, 1.17881671e-02, 5.80008654e-03,
       1.30819697e-02, -3.29830393e-04, -1.95545424e-02, -1.87396556e-02,
       4.63799573e-03, 1.67340618e-02, 1.43603003e-02, 9.33897868e-03,
       5.89261879e-04, 4.64669801e-03, 3.39580071e-03, -1.75847728e-02,
       -1.84642915e-02, 8.59267265e-03, 1.53938355e-02, 2.12152861e-02,
       8.89376365e-03, -1.38746132e-03, 4.21908638e-03, 5.21209184e-03,
       -2.32549328e-02, -1.67928413e-02, -1.36453554e-03, 1.35155953e-02,
       1.79387257e-03, 9.61158238e-03, 4.04514186e-03, 4.85798530e-03,
       8.26727541e-04, 1.15655572e-03, -1.14050880e-02, -2.80553126e-03,
       7.66236940e-03, 2.74535990e-03, -1.28362083e-03, 9.68131295e-04,
       4.05832147e-03, -5.59777301e-03, -7.67653575e-03, -1.09060425e-02,
       3.32755246e-03, 1.90597381e-02, 1.98104344e-02, 1.11497762e-02,
       1.22140988e-03, 1.26532838e-02, 6.98605552e-03, 8.08607973e-03,
       1.26521266e-03, 3.58694262e-04, 9.48101468e-03, 3.34132370e-03,
       6.58062345e-04, 4.66112513e-04, 9.03696008e-03, 1.80388335e-03,
       -9.32369288e-03, -9.79158375e-03, 5.31280355e-04, 1.06977588e-02,
       -7.81640597e-03, -1.74781238e-03, 6.64295163e-03, 1.34785811e-03,
       -1.21423695e-02, -1.21377781e-02, -2.05307477e-03, 5.94428414e-03,
       1.24271046e-02, -8.87811650e-03, -6.80671073e-03, -5.11884550e-03,
       1.19179953e-03, -1.25021087e-02, 1.03180734e-02, 7.57695641e-03,
       7.91215990e-03, 9.59824957e-03, -3.89870000e-03, -4.35106596e-03,
       3.33157298e-03, 1.74412690e-02, 1.18165109e-02, 1.41801336e-03,
       1.04716448e-02, -9.16474091e-04, 1.14827733e-02, -4.09980118e-03,
       -1.05820608e-03, 1.63916114e-03, 3.52018583e-03, 1.96071411e-03,
       -1.77822858e-02, -5.45454537e-03, 2.60685477e-03, -1.10738154e-03,
       -5.13616344e-03, -1.35737984e-03, -8.45496636e-03,
       -2.80675967e-03, -1.65858939e-02, -1.83809418e-02, 1.23219229e-02,
       4.94648842e-03, 6.76825410e-03, -1.16726505e-02, -9.54190455e-03,
       -7.70066120e-03, -2.26927968e-03, -2.44672913e-02,
       -4.16043773e-03, 6.45835185e-03, -4.77226032e-03, 3.47934826e-03,
       6.52254559e-03, -3.14437994e-03, -6.88893721e-03, -7.51518877e-03,
