%YAML:1.0
---
myHogDector: !!opencv-object-detector-hog
   winSize: [ 64, 128 ]
   blockSize: [ 16, 16 ]
   blockStride: [ 8, 8 ]
   cellSize: [ 8, 8 ]
   nbins: 9
   derivAperture: 1
   winSigma: 4.
   histogramNormType: 0
   L2HysThreshold: 2.0000000000000001e-01
   gammaCorrection: 1
   nlevels: 64
   signedGradient: 0
   SVMDetector: [ -2.02661869e-03, -2.89811373e-06, 8.05654656e-03,
       1.04526822e-02, 2.25602463e-02, 1.60312420e-03, -2.75181606e-03,
       -7.81330280e-03, -1.46908651e-03, 1.10574579e-02, 5.44445962e-03,
       8.66496004e-03, 8.07667058e-03, 1.39492182e-02, 4.25775128e-04,
       -2.52388720e-03, -8.55361857e-03, 2.30353302e-03, 2.33771931e-03,
       1.12114788e-03, 6.27789879e-03, 1.84265971e-02, 6.50379295e-03,
       5.62306587e-03, 3.85692855e-03, -4.39705700e-03, -8.83424247e-04,
       1.86881539e-03, 2.87226262e-03, 1.18919779e-02, 1.05102202e-02,
       -1.36674028e-02, 1.64913037e-03, -1.85813033e-03, 5.27633238e-04,
       2.79397471e-03, 7.26186903e-03, 1.06311881e-03, 7.28923734e-03,
       8.21134821e-03, 1.54786333e-02, 5.01467008e-03, -3.24416091e-03,
       -5.91541128e-03, 1.18604733e-03, 9.19541530e-03, -1.27144187e-04,
       1.04016736e-02, 1.10987900e-02, 6.76212600e-03, 6.91148918e-03,
       2.54783401e-04, -9.14782286e-03, 1.10860728e-02, -1.07694580e-03,
       -2.10380577e-03, 7.13425456e-03, 8.28334410e-03, 5.76201221e-03,
       -2.08206475e-03, -6.53328467e-03, -3.79346474e-03,
       -5.32225147e-03, 2.64656451e-03, 5.31035056e-03, 1.26602277e-02,
       1.93614475e-02, 1.72686074e-02, 7.46909715e-03, 4.53056488e-03,
       3.86915199e-04, 2.05202145e-03, -3.60881584e-03, 1.61873014e-03,
       8.19290895e-03, 9.60449036e-03, 1.61567852e-02, 7.42507074e-03,
       -5.29878912e-03, -9.34196729e-03, -5.44173270e-03,
       -2.32053082e-02, -1.04083994e-03, 1.06916185e-02, 1.69783216e-02,
       1.34280194e-02, 2.07352894e-03, -1.32489577e-02, -8.34686775e-03,
       -2.98369918e-02, -9.91313998e-03, -4.28857806e-04, 5.95509959e-03,
       1.22732548e-02, 1.88492294e-02, 8.76272749e-03, 3.34089668e-03,
       1.36932137e-03, -7.69703463e-03, -1.05771692e-02, -1.81777345e-03,
       8.90727900e-03, 1.42103871e-02, 1.48319220e-02, 1.50227314e-02,
       5.35226893e-03, 9.24943108e-03, -7.77052203e-03, -1.08808270e-02,
       5.09353587e-03, 1.12828976e-02, 1.07317232e-02, 7.28828972e-03,
       3.37275583e-03, 3.91775771e-04, -2.98168277e-03, -1.87321063e-02,
       -5.37435059e-03, 3.63809778e-03, 4.53230599e-03, 1.91410119e-03,
       -6.68030977e-03, -1.15596205e-02, -1.94392900e-03,
       -1.13079632e-02, -1.16242217e-02, -3.47114052e-03, 1.20231360e-02,
       1.47721646e-02, 1.06454231e-02, 6.55068923e-03, 6.89146994e-03,
       1.04571246e-02, 1.29798856e-02, -6.39959617e-05, 3.02927406e-03,
       2.18648035e-02, 2.02421863e-02, 5.81629341e-03, -1.05828289e-02,
       -2.01665936e-03, 4.97817062e-03, 5.58025111e-03, 4.37352154e-03,
       -9.91998333e-03, 5.98803489e-03, 1.15042729e-02, 8.14496353e-03,
       -1.10230297e-02, -1.00154998e-02, -1.02848040e-04,
       -3.22595052e-03, -4.63268021e-03, -1.42891025e-02,
       -1.60506228e-03, 1.04377335e-02, -4.07104706e-03, -5.06790215e-03,
       -2.03629304e-02, -4.34790738e-03, -9.59283393e-03,
       -1.06306281e-02, 1.21865803e-02, 2.82713845e-02, 1.99969001e-02,
       1.43521018e-02, -1.31216170e-02, 1.07703521e-03, 8.90262704e-03,
       1.40257729e-02, 1.63975246e-02, 1.42211718e-02, 2.27403436e-02,
       1.47208655e-02, -4.44042636e-03, -4.40830272e-03, -1.52384099e-02,
       2.12534773e-03, 7.82544632e-03, 1.61541998e-02, -5.04356669e-03,
       9.06547811e-03, 1.16847055e-02, -4.91836295e-03, -1.17632542e-02,
       -1.33382231e-02, -6.69425167e-03, -5.26674464e-03,
       -2.86101829e-03, -1.18521799e-03, 7.91183952e-03, 1.02308122e-02,
       1.54620572e-03, -1.79465842e-02, -1.31468633e-02, -1.22516770e-02,
       6.60362013e-04, -7.05035776e-03, 1.77085232e-02, 2.55235806e-02,
       2.13561747e-02, -9.60780866e-03, -7.79082580e-03, -4.90768906e-03,
       -4.16436838e-03, 5.95460227e-03, 7.80027639e-03, 1.80906057e-02,
       2.65187807e-02, 1.78990066e-02, -5.85044501e-03, -1.01344595e-02,
       -1.43979508e-02, -1.23000983e-02, 5.49839158e-03, 1.38105536e-02,
       -7.82713108e-03, 1.44775806e-03, 6.10076683e-03, 6.49276655e-03,
       -5.13753388e-03, -8.97072349e-03, -9.33291949e-03, 2.81334389e-03,
       -8.12912080e-03, -1.65155288e-02, -9.72791668e-03, 8.23960081e-03,
       2.10665632e-02, 1.20886108e-02, -6.98811049e-03, -2.97457166e-03,
       2.99734552e-03, -9.49905626e-03, 4.36203647e-03, 9.03822854e-03,
       1.30041093e-02, 5.90986200e-03, -1.39103215e-02, -1.64235961e-02,
       -1.72508992e-02, -1.28131604e-03, 6.21951604e-03, 2.98313401e-03,
       1.40374491e-03, 9.92370863e-03, 1.73356384e-02, 8.88078753e-03,
       -8.59203096e-03, -4.40331409e-03, 1.03039388e-03, 8.16269033e-03,
       -2.66249515e-02, -8.04482866e-03, 7.53191812e-03, 1.94860455e-02,
       7.40160141e-03, -8.48298427e-03, -2.68490217e-03, 7.07329717e-03,
       -6.73881127e-03, -1.14765577e-02, -1.82839367e-03, 5.54515235e-03,
       5.23595279e-03, 4.41228598e-03, -7.54520576e-03, 3.10284179e-03,
       7.65252579e-03, -5.20246709e-03, -4.56375023e-03, -9.49337147e-03,
       3.09484871e-03, 1.67471711e-02, 5.09880623e-03, -4.97806026e-03,
       5.86905284e-03, 7.78371049e-03, 9.31573473e-03, 1.13419606e-03,
       -3.15681007e-03, 4.92187729e-03, 5.96464053e-03, 1.24487514e-02,
       4.37337533e-03, 4.06538742e-03, 1.04212295e-03, 7.27942539e-03,
       -4.16792929e-03, -4.27554455e-03, 2.13839975e-03, 2.19571474e-03,
       -1.08759043e-04, -3.38281202e-03, 5.19697648e-03, 8.44572391e-03,
       7.33438367e-03, -9.76083335e-03, -1.20251356e-02, 2.47950928e-04,
       7.51174986e-03, 1.05580082e-02, 1.15130644e-03, -3.61188053e-04,
       1.09412428e-02, 9.04254708e-03, -8.03449657e-04, -2.71865726e-03,
       6.21481286e-03, 9.49530397e-03, 7.55426986e-03, 4.33352683e-03,
       7.70517043e-04, -3.26620112e-03, 5.31519949e-03, -1.18752886e-02,
       -1.57452859e-02, -1.38975680e-03, 7.73286913e-03, 7.15452200e-03,
       -8.22619349e-03, -1.60176810e-02, -1.00553385e-03,
       -2.14949623e-03, -1.20810196e-02, -1.40250828e-02,
       -2.98079429e-03, 8.37449078e-03, 5.96861448e-03, 7.53000518e-03,
       -5.82624320e-03, 1.03824330e-03, 8.93156137e-03, -3.78594664e-03,
       -7.78567651e-03, -4.40344214e-03, 5.12197241e-03, 3.11038853e-03,
       6.98398147e-03, -7.18229124e-03, -1.60246238e-03, -7.37379247e-04,
       -5.76926768e-03, -1.72153618e-02, -5.47278626e-03, 8.06173962e-03,
       1.24202212e-02, -1.38082250e-03, -1.40365008e-02, 4.37410828e-03,
       2.07503489e-03, 4.32247482e-03, -5.08359913e-03, -5.10363420e-03,
       1.79819079e-04, 3.07069742e-03, 1.81429333e-03, -4.99629788e-03,
       5.67972427e-04, 1.83362816e-03, -7.90326204e-03, -7.03659048e-03,
       -3.87594802e-03, 1.71865604e-03, -6.93138177e-03, 3.74345062e-03,
       -5.61094377e-04, -1.08613342e-03, -4.12328262e-03,
       -1.32247899e-02, -8.07691365e-03, -9.24483035e-03,
       -6.24522159e-04, -5.88168623e-03, -1.06008956e-02,
       -1.50805041e-02, -5.10147680e-03, -1.05687734e-02, 8.27230327e-03,
       1.25943443e-05, -2.10645399e-03, 1.86275039e-03, -7.62525294e-03,
       -4.98017203e-03, -4.29152697e-03, 5.40230097e-03, 1.33349570e-02,
       8.47145263e-03, -4.90835286e-04, -6.06380776e-03, 5.05585782e-03,
       -8.99504963e-03, -7.33912829e-03, -7.82244466e-03, 3.49667935e-05,
       1.45837972e-02, -1.39613701e-02, -1.22236945e-02, -8.40959605e-03,
       -2.92389304e-03, -2.50002975e-03, -9.18268412e-03,
       -1.76003166e-02, -6.26315223e-03, -1.53155355e-02,
       -5.38822217e-03, 3.45491758e-03, -3.05440207e-03, 2.87105888e-03,
       -1.90308562e-03, -1.87420752e-02, -1.99717134e-02,
       -3.72231589e-03, -1.32753300e-02, 6.71136379e-03, -6.05879724e-03,
